0 0b01e501 0b008301 10000 100 691 1000000000 9582 9546
2 0b01c001 0b01e801 10000 100 297 1000077097 5128 5104
6 0b029001 0b036a01 10000 100 1589 1000256571 11580 11537
9 0b013501 0b019301 10000 100 21382 1000303254 25523 24455
8 0b027501 0b02c001 10000 100 111202 1000289044 105190 99731
10 0b001501 0b009101 10000 100 309372 1000389541 281378 265791
12 0b015101 0b02e501 10000 100 387320 1000416489 522168 334790
5 0b029b01 0b001401 10000 100 391623 1000219866 727525 338384
7 0b019a01 0b003401 10000 100 532598 1000265159 716131 456522
11 0b036601 0b007401 10000 100 435452 1000392927 599744 375119
13 0b02d501 0b015b01 10000 100 71 1001029146 6606 6570
14 0b01d501 0b006801 10000 100 444 1001032406 9384 8358
4 0b017501 0b004001 10000 100 593302 1000176150 904494 507403
15 0b00db01 0b012e01 10000 100 506 1001123244 8694 8658
16 0b034201 0b02ca01 10000 100 1917 1001124391 11842 11799
19 0b039901 0b02d001 10000 100 328 1001132515 8114 7800
17 0b02d501 0b019101 10000 100 2568 1001128677 12407 12358
20 0b03a801 0b02cd01 10000 100 255202 1001133655 346866 224079
21 0b02de01 0b01db01 10000 100 467 1001732391 8508 8472
22 0b01af01 0b007d01 10000 100 524 1001734297 9596 8742
24 0b02dc01 0b023001 10000 100 334 1001762627 5248 5220
26 0b032901 0b03fb01 10000 100 874 1001793820 6976 6948
27 0b008701 0b034001 10000 100 290 1001825664 7656 7620
29 0b02fc01 0b015b01 10000 100 336 1001906363 7878 7842
31 0b02c801 0b02b601 10000 100 338 1001933051 5260 5232
32 0b00d601 0b023e01 10000 100 128 1001935780 6882 6840
35 0b02b901 0b008101 10000 100 323 1001983482 7880 7776
30 0b031a01 0b015d01 10000 100 46995 1001932696 83005 49572
37 0b012301 0b00e801 10000 100 11054 1002015824 19592 19489
34 0b01b901 0b017701 10000 100 78536 1001982915 77409 72344
41 0b031101 0b03a201 10000 100 71 1002136020 4704 4380
43 0b002c01 0b027401 10000 100 9359 1002242809 18340 18057
45 0b00a901 0b036301 10000 100 464 1002255351 8496 8454
39 0b027501 0b019901 10000 100 78211 1002127410 139716 75760
46 0b034201 0b009801 10000 100 725 1002313840 10228 9708
36 0b027301 0b03f301 10000 100 190664 1001992724 335776 169979
42 0b02d801 0b02e301 10000 100 213629 1002158804 196388 185549
3 0b031101 0b002701 10000 100 1700391 1000082153 2289673 1435140
48 0b01a001 0b02f901 10000 100 20206 1002381487 33689 27152
49 0b01a101 0b019401 10000 100 2396 1002430868 8581 8544
47 0b02b901 0b00c501 10000 100 72043 1002371208 102967 70598
52 0b027901 0b01ba01 10000 100 462 1002513488 8484 8448
53 0b032d01 0b00b201 10000 100 4008 1002547270 13791 13586
54 0b005701 0b01f101 10000 100 545 1002625347 8880 8844
38 0b006b01 0b033b01 10000 100 381215 1002122046 517116 329678
56 0b03a701 0b029801 10000 100 589 1002956898 9096 9054
58 0b02f501 0b03a301 10000 100 1095 1002974731 11184 11142
59 0b023b01 0b013e01 10000 100 14386 1003007877 37322 22268
60 0b004f01 0b02fb01 10000 100 3076 1003158348 12857 12802
61 0b00e901 0b02ff01 10000 100 683 1003166867 9546 9504
62 0b034701 0b005001 10000 100 448 1003183932 8418 8376
63 0b00cd01 0b032301 10000 100 343 1003215488 8720 7872
64 0b02d401 0b01d901 10000 100 7888 1003217775 25234 16804
65 0b029801 0b01db01 10000 100 18229 1003219281 42613 25495
67 0b019301 0b01b101 10000 100 71555 1003223341 69924 66494
68 0b03d301 0b01d701 10000 100 10913 1003353122 19435 19338
72 0b024b01 0b00b901 10000 100 347 1003369515 7932 7896
73 0b017e01 0b001601 10000 100 288 1003392343 7650 7608
69 0b032b01 0b03f101 10000 100 43769 1003356901 45416 43201
66 0b006001 0b007301 10000 100 298869 1003221739 360777 256971
71 0b03fa01 0b027601 10000 100 269719 1003361230 367387 236225
76 0b004a01 0b03f701 10000 100 437 1003723059 8739 8328
1 0b027301 0b03da01 10000 100 2658228 1000010762 3730085 2237814
79 0b02b901 0b000801 10000 100 331 1003793829 7854 7818
80 0b027a01 0b02f001 10000 100 343 1003796536 5276 5248
82 0b02b101 0b03fa01 10000 100 347 1003820766 7932 7896
83 0b013101 0b01bc01 10000 100 5905 1003860506 11520 11466
84 0b03de01 0b004b01 10000 100 512 1003863774 8724 8688
18 0b004601 0b03a101 10000 100 2095988 1001131110 2807556 1766628
81 0b01f501 0b033f01 10000 100 109497 1003818832 180030 101967
85 0b02c701 0b01b301 10000 100 335 1004041514 8951 7836
86 0b015401 0b028801 10000 100 343 1004042672 7914 7872
44 0b010f01 0b01aa01 10000 100 1962906 1002247359 1818174 1651432
87 0b008701 0b00dc01 10000 100 484 1004063053 5728 5700
88 0b033c01 0b039c01 10000 100 623 1004073516 6172 6144
90 0b031601 0b010401 10000 100 1186 1004093725 11257 11214
23 0b017101 0b03f201 10000 100 1709414 1001734735 2378805 1442701
93 0b00e001 0b03f401 10000 100 323 1004191938 7938 7776
96 0b01b601 0b010501 10000 100 150 1004275305 4656 4632
95 0b02a701 0b00eb01 10000 100 25861 1004272677 38433 31866
97 0b026f01 0b007b01 10000 100 2124 1004299017 13335 12003
98 0b024e01 0b00ea01 10000 100 443 1004309621 8394 8352
89 0b007b01 0b006201 10000 100 252533 1004089787 238440 218154
92 0b01da01 0b031801 10000 100 141805 1004161549 199843 129030
103 0b03af01 0b00a401 10000 100 149 1004463564 6984 6942
28 0b005601 0b01b001 10000 100 1945101 1001875007 2648046 1640218
104 0b00a501 0b012801 10000 100 50517 1004543605 74057 52541
107 0b02ec01 0b014601 10000 100 146 1004628443 7998 6930
106 0b036a01 0b001701 10000 100 2155 1004626631 13112 12028
110 0b001601 0b009701 10000 100 1840 1004671303 9113 8062
112 0b00af01 0b008401 10000 100 327 1004677292 5224 5200
111 0b007701 0b026b01 10000 100 1081 1004677216 11173 11130
109 0b033a01 0b01c701 10000 100 17814 1004670603 31644 25125
102 0b02cb01 0b01bd01 10000 100 209985 1004345221 363176 186158
113 0b02b601 0b03aa01 10000 100 462 1004721603 11311 8448
101 0b008301 0b02b901 10000 100 295398 1004341960 512907 257756
105 0b008001 0b026201 10000 100 247355 1004572368 348047 217498
33 0b023501 0b010f01 10000 100 2308824 1001976554 3197382 1944991
25 0b03d901 0b002301 10000 100 2570737 1001787922 3437061 2164477
40 0b02c301 0b009101 10000 100 1769344 1002135176 3335302 1492925
75 0b017001 0b009c01 10000 100 1303652 1003709640 1861273 1102663
94 0b017e01 0b032601 10000 100 1084217 1004249225 1454874 918793
77 0b039601 0b036c01 10000 100 1643252 1003764264 2095639 1383587
114 0b03a301 0b02bf01 10000 100 440 1005932960 8376 8340
116 0b007401 0b019f01 10000 100 26126 1005951343 41574 32116
118 0b03de01 0b00b301 10000 100 899 1006038336 10584 10542
57 0b00d601 0b023501 10000 100 2328129 1002968654 3120891 1961195
55 0b019001 0b025901 10000 100 2365173 1002929814 3162454 1992236
120 0b02d101 0b001901 10000 100 2041 1006091086 11985 11936
119 0b02a201 0b019b01 10000 100 26509 1006087906 43416 32423
121 0b026201 0b036f01 10000 100 479 1006151176 8873 8526
115 0b00b601 0b01b801 10000 100 243353 1005935175 330479 214144
124 0b00ba01 0b010601 10000 100 34352 1006257721 52002 39001
70 0b006f01 0b01d001 10000 100 2291997 1003360232 3204593 1930883
125 0b00a901 0b03a701 10000 100 34831 1006545001 52385 39384
51 0b02c901 0b036c01 10000 100 1956774 1002504799 4141850 1649975
128 0b012c01 0b029801 10000 100 2290 1006770131 13529 12136
74 0b02e801 0b008c01 10000 100 2407567 1003394241 3445162 2027747
129 0b01c001 0b019b01 10000 100 206535 1007073827 190288 179608
131 0b02da01 0b010801 10000 100 1184 1007299918 11256 11213
78 0b026601 0b007601 10000 100 2601666 1003783755 3529115 2190398
130 0b023201 0b010201 10000 100 10231 1007299822 23624 18792
132 0b01e901 0b004301 10000 100 461 1007326631 8478 8442
108 0b033501 0b007401 10000 100 2031931 1004655623 2988938 1712950
122 0b027e01 0b029b01 10000 100 1914474 1006151932 1711352 1610863
91 0b02c601 0b029201 10000 100 2806237 1004095725 3784942 2358169
134 0b03d601 0b027301 10000 100 2278 1008013554 13524 12126
135 0b031801 0b010c01 10000 100 1115 1008020242 11200 11158
123 0b000001 0b002f01 10000 100 2068377 1006203327 1847034 1739837
140 0b02d901 0b019d01 10000 100 11197 1008180040 19898 19603
141 0b00b001 0b03d301 10000 100 24799 1008181089 47191 30979
138 0b02b301 0b027f01 10000 100 260746 1008169327 239017 225028
144 0b00e701 0b019101 10000 100 341 1008414758 7902 7866
145 0b033101 0b01ca01 10000 100 311 1008415629 7758 7722
146 0b034e01 0b01bd01 10000 100 457 1008427305 8460 8424
99 0b024601 0b01a001 10000 100 3091741 1004310870 4132178 2601078
147 0b012801 0b02d301 10000 100 153 1008439871 7002 6960
148 0b03a301 0b00af01 10000 100 465 1008443466 8496 8460
151 0b000101 0b02bc01 10000 100 156 1008514022 7014 6978
100 0b001001 0b039701 10000 100 3090533 1004311831 4253380 2600074
153 0b00e101 0b025f01 10000 100 39866 1008521327 62478 43602
155 0b000a01 0b00b901 10000 100 3845 1008582095 9784 9742
157 0b00ed01 0b02b001 10000 100 671 1008672296 10269 9450
156 0b039701 0b027a01 10000 100 95183 1008665723 138364 89984
150 0b01dc01 0b039701 10000 100 262181 1008449463 490366 229928
133 0b00a801 0b03a501 10000 100 1104911 1007484548 1478698 936108
154 0b002b01 0b023a01 10000 100 341186 1008579305 464097 296134
126 0b01dd01 0b02d401 10000 100 1877117 1006551702 2605472 1583247
158 0b00bc01 0b02cd01 10000 100 234 1009264420 7392 7350
160 0b007a01 0b006d01 10000 100 470 1009270927 5680 5656
159 0b00dc01 0b023b01 10000 100 443 1009270591 8713 8352
161 0b02d801 0b015301 10000 100 2299 1009297256 13793 12143
164 0b02ae01 0b008f01 10000 100 3052 1009360539 12838 12783
165 0b00e301 0b00c701 10000 100 785 1009391316 6688 6664
166 0b002b01 0b01b601 10000 100 332 1009392491 8551 7824
163 0b036e01 0b034401 10000 100 87259 1009350316 87240 79665
167 0b008601 0b001001 10000 100 80198 1009396058 77913 73750
168 0b007401 0b01ed01 10000 100 219020 1009397317 297196 193766
169 0b02c601 0b017201 10000 100 7312 1009738281 16422 16343
171 0b027501 0b02ba01 10000 100 445 1009767663 6333 5576
172 0b02ac01 0b032001 10000 100 1679 1009768609 11728 11609
173 0b01b601 0b02ac01 10000 100 348 1009802525 7938 7896
177 0b010e01 0b00cf01 10000 100 329 1009826741 7848 7806
50 0b00df01 0b015401 10000 100 5451016 1002495135 7347423 4578178
137 0b023101 0b02ba01 10000 100 1995681 1008117682 1783751 1678906
170 0b01ea01 0b034a01 10000 100 79568 1009758049 144915 76884
179 0b01c101 0b01b301 10000 100 25730 1009943750 28856 28086
127 0b033401 0b01c401 10000 100 2354309 1006768361 3384903 1983127
142 0b001501 0b009001 10000 100 2319246 1008253343 2070134 1950070
178 0b007301 0b026001 10000 100 308780 1009844287 526689 268956
152 0b02d801 0b01da01 10000 100 1517247 1008515861 2034829 1281671
175 0b019c01 0b003101 10000 100 534803 1009813143 854262 458362
143 0b012901 0b00c501 10000 100 2826676 1008267108 3780409 2378956
139 0b001f01 0b036b01 10000 100 2818649 1008178643 3948735 2372231
149 0b02b901 0b03a401 10000 100 2756806 1008444697 3712253 2320400
136 0b01d401 0b034701 10000 100 2590198 1008110212 4075981 2180806
180 0b01b701 0b01ce01 10000 100 2505762 1009988166 2235868 2106351
174 0b032401 0b02ce01 10000 100 2180116 1009804160 2916273 1837160
162 0b000c01 0b033e01 10000 100 2689018 1009302696 3594935 2263624
176 0b024001 0b034a01 10000 100 2040099 1009825230 3178319 1719827
181 0b01f101 0b03d601 10000 100 324 1013816430 7824 7782
183 0b007c01 0b02c701 10000 100 168 1014181676 7074 7032
185 0b005501 0b009d01 10000 100 45680 1014206305 46888 44806
189 0b03db01 0b012801 10000 100 37877 1014229300 55578 41935
186 0b00ec01 0b001a01 10000 100 83137 1014221111 80314 76215
191 0b02fe01 0b03f301 10000 100 26261 1014309655 52906 32224
187 0b01a701 0b036f01 10000 100 97830 1014221767 141109 92178
192 0b00e701 0b00a601 10000 100 709 1014383205 6448 6420
194 0b032001 0b00e401 10000 100 4889 1014458367 14352 14291
195 0b01ba01 0b034e01 10000 100 702 1014473731 9636 9600
182 0b024701 0b00ee01 10000 100 461077 1013857000 632422 396607
196 0b00e301 0b02a301 10000 100 368 1014567824 8034 7992
188 0b001c01 0b02c801 10000 100 327523 1014229058 446171 284672
199 0b029001 0b01ae01 10000 100 437 1014833472 8364 8328
193 0b008e01 0b002d01 10000 100 543427 1014386024 489646 461927
200 0b033d01 0b00a801 10000 100 8854 1014883960 17700 17615
205 0b01b801 0b005901 10000 100 155 1015351892 7008 6972
206 0b017a01 0b03a301 10000 100 465 1015354885 8496 8460
207 0b03d901 0b033701 10000 100 518 1015367416 5836 5808
208 0b02c301 0b03f301 10000 100 449 1015376737 8424 8382
202 0b02bc01 0b029301 10000 100 86787 1015303739 83366 79249
190 0b00bc01 0b034201 10000 100 864578 1014260940 1164803 734722
204 0b010e01 0b033401 10000 100 100399 1015350517 177696 94347
212 0b02ae01 0b023301 10000 100 3233 1016040074 9295 9252
213 0b03ad01 0b031101 10000 100 1805 1016052008 8064 8034
215 0b03db01 0b009501 10000 100 465 1016106773 8496 8460
216 0b005901 0b02e401 10000 100 74 1016118611 6769 6582
217 0b004301 0b031e01 10000 100 322 1016139293 7812 7776
218 0b034b01 0b00a801 10000 100 340 1016147955 7896 7860
211 0b019401 0b02bb01 10000 100 97590 1016026547 141177 91986
220 0b00d001 0b01cd01 10000 100 697 1016232810 9612 9576
214 0b02bf01 0b01b801 10000 100 242651 1016067593 331516 213544
201 0b016e01 0b004901 10000 100 1183662 1015293601 1588476 1002111
198 0b02e201 0b02d301 10000 100 2360179 1014796777 2106436 1984375
197 0b029d01 0b012d01 10000 100 1983609 1014731163 3045225 1672469
209 0b00e201 0b029f01 10000 100 1866136 1015402116 2497617 1574044
223 0b03d601 0b01d301 10000 100 330 1018114560 7848 7812
224 0b02fa01 0b024201 10000 100 10110 1018115936 15104 15020
231 0b002901 0b00ee01 10000 100 520 1018206183 5840 5816
233 0b023401 0b027801 10000 100 297 1018213562 5128 5104
232 0b036701 0b02b001 10000 100 72 1018213222 6612 6576
184 0b03aa01 0b010601 10000 100 2694037 1014198501 4036953 2267829
235 0b007501 0b02cd01 10000 100 336 1018235421 7878 7842
234 0b007401 0b026d01 10000 100 26283 1018219974 42482 32242
226 0b02cc01 0b029e01 10000 100 180034 1018123100 169561 157419
236 0b007101 0b03f001 10000 100 4623 1018295632 14139 14078
237 0b02da01 0b036b01 10000 100 12488 1018328074 20783 20674
227 0b008a01 0b010401 10000 100 119582 1018191636 173258 110415
221 0b010c01 0b01bf01 10000 100 522067 1018011340 479718 444041
240 0b01e601 0b015a01 10000 100 1101 1018487428 7501 7470
239 0b036201 0b01b801 10000 100 7538 1018483994 16603 16524
241 0b000f01 0b005a01 10000 100 8060 1018495678 13520 13304
228 0b01dc01 0b003101 10000 100 192806 1018193898 346285 171768
243 0b00ad01 0b027101 10000 100 462 1018562316 8484 8448
246 0b01bd01 0b038a01 10000 100 165 1018573070 7056 7020
242 0b006a01 0b01a401 10000 100 14960 1018559829 29228 22728
244 0b02fb01 0b025b01 10000 100 45258 1018572593 46551 44468
238 0b015501 0b038801 10000 100 221824 1018480310 311564 196085
248 0b036101 0b003e01 10000 100 903 1019078102 10602 10560
210 0b02ac01 0b00e401 10000 100 2080269 1015907148 3247962 1753483
203 0b039801 0b004e01 10000 100 2883165 1015320859 3856341 2426314
247 0b001401 0b019d01 10000 100 176306 1019029826 242875 157960
245 0b032901 0b009301 10000 100 627844 1018572797 846368 536329
251 0b009201 0b023801 10000 100 76 1019419526 6630 6594
250 0b015601 0b007301 10000 100 30515 1019405906 48756 35780
256 0b012b01 0b00e201 10000 100 171 1019617392 8551 7050
257 0b00d801 0b004701 10000 100 336 1019621982 5252 5228
258 0b001301 0b00d801 10000 100 333 1019622403 5244 5216
261 0b02c501 0b023201 10000 100 339 1019687519 5264 5236
249 0b01a001 0b00cf01 10000 100 254958 1019398463 375842 223846
254 0b002301 0b027e01 10000 100 140621 1019534987 245494 128044
252 0b01c301 0b007f01 10000 100 274717 1019437935 436041 240413
255 0b031201 0b027101 10000 100 215443 1019536776 346300 190752
219 0b00e001 0b017401 10000 100 2480516 1016161090 3800941 2088880
222 0b024d01 0b00a201 10000 100 1493982 1018055680 2003922 1262147
265 0b02b701 0b01bb01 10000 100 344 1020121358 7920 7878
229 0b01ac01 0b00b901 10000 100 1635360 1018204943 2189427 1380646
225 0b024e01 0b02ce01 10000 100 2592075 1018120460 2313014 2178708
262 0b029801 0b01df01 10000 100 403322 1019722136 789239 348199
230 0b029101 0b02b801 10000 100 2377573 1018205717 2440693 1998936
266 0b01bd01 0b038a01 10001 100 341 1020836454 7967 7866
267 0b023901 0b009b01 10000 100 287 1020850210 7644 7608
270 0b007901 0b006a01 10000 100 693 1020852096 6396 6368
269 0b031201 0b007701 10000 100 374 1020851563 8295 8022
271 0b008401 0b02aa01 10000 100 526 1020852517 8790 8754
275 0b000101 0b01b201 10000 100 2328 1020911780 12215 12166
268 0b033b01 0b001e01 10000 100 60826 1020850559 94482 61168
273 0b004901 0b03d101 10000 100 54918 1020877378 82095 56214
276 0b00e501 0b02f901 10000 100 30018 1020913914 59661 35382
277 0b00eb01 0b017201 10000 100 333 1020986464 7866 7824
278 0b029f01 0b01b001 10000 100 328 1020994140 7842 7800
279 0b034101 0b017801 10000 100 721 1020997697 9726 9690
272 0b02a801 0b034d01 10000 100 229174 1020860003 315059 202269
281 0b034f01 0b02ac01 10000 100 54847 1021105654 82842 56157
280 0b004001 0b002501 10000 100 376244 1021091296 340804 321835
264 0b01e301 0b036701 10000 100 986083 1020119482 1669379 836562
253 0b031f01 0b02c401 10000 100 1746798 1019520906 2339447 1474014
260 0b001601 0b007501 10000 100 2643184 1019676068 2436558 2221533
263 0b02c801 0b007401 10000 100 1780601 1020108607 2380745 1502348
282 0b01d601 0b036401 10000 100 308 1022627986 7746 7704
259 0b01e001 0b032f01 10000 100 2082739 1019635886 3161715 1755535
283 0b012a01 0b003f01 10000 100 318266 1022673270 431989 276924
274 0b006701 0b007b01 10000 100 2707853 1020908553 2415935 2275700
285 0b02c001 0b02fe01 10000 100 3394 1023415296 9424 9381
284 0b028001 0b026601 10000 100 444595 1023065455 402052 379100
288 0b01aa01 0b039201 10000 100 334 1023493165 7927 7830
289 0b02cc01 0b010701 10000 100 3114 1023503950 12984 12833
290 0b02b601 0b01d001 10000 100 684 1023508493 9552 9510
287 0b007b01 0b024c01 10000 100 297498 1023444380 401691 259512
292 0b01b801 0b03f801 10000 100 448 1023859338 8418 8376
293 0b001501 0b009f01 10000 100 11769 1023860860 16476 16385
295 0b009601 0b019701 10000 100 339 1023896368 7896 7854
299 0b005201 0b019301 10000 100 438 1023910539 8370 8328
300 0b023201 0b00d301 10000 100 335 1023910554 9197 7836
296 0b026f01 0b02cc01 10000 100 18875 1023896949 23064 22336
302 0b012a01 0b01b301 10000 100 343 1023958263 5276 5248
297 0b02bc01 0b008901 10000 100 51095 1023905075 73076 53042
304 0b034e01 0b019c01 10000 100 290 1023975338 7656 7620
301 0b02c301 0b031801 10000 100 106103 1023920063 150851 99138
305 0b039201 0b007d01 10000 100 531 1024094406 8814 8778
308 0b03d101 0b01df01 10000 100 457 1024098045 8460 8424
307 0b004c01 0b00ec01 10000 100 5005 1024095710 10800 10746
309 0b007801 0b026a01 10000 100 8461 1024098137 17385 17300
311 0b003201 0b004e01 10000 100 23444 1024109869 26940 26181
286 0b01ec01 0b02fb01 10000 100 540557 1023417896 728989 463193
312 0b028f01 0b03ff01 10000 100 19630 1024313761 33424 26654
303 0b03ae01 0b031b01 10000 100 423975 1023964837 383869 361806
318 0b001501 0b004c01 10000 100 77 1024352089 4424 4400
320 0b001601 0b00ef01 10000 100 161 1024354353 4692 4668
321 0b00a001 0b027301 10000 100 329 1024364787 7848 7806
319 0b023301 0b036d01 10000 100 19941 1024352803 34565 26902
298 0b015501 0b02d901 10000 100 363629 1023905575 489400 314925
310 0b007601 0b026701 10000 100 213829 1024100975 294088 189385
324 0b02a001 0b023201 10000 100 30 1024392681 4272 4248
323 0b039b01 0b001d01 10000 100 2818 1024391754 13306 12558
326 0b026401 0b023b01 10000 100 449 1024433366 5616 5588
327 0b02dd01 0b015f01 10000 100 282 1024435436 8073 7584
316 0b014c01 0b02e001 10000 100 78515 1024346189 112848 76004
332 0b007401 0b006b01 10000 100 478 1024527858 5708 5680
333 0b005201 0b006601 10000 100 334 1024537768 5248 5220
334 0b036a01 0b001201 10000 100 332 1024542846 9059 7824
315 0b031001 0b02c401 10000 100 147773 1024334674 250274 134032
291 0b01b301 0b029601 10000 100 557495 1023847143 748728 477390
330 0b02de01 0b00e601 10000 100 91799 1024481075 133475 87125
317 0b02cf01 0b029e01 10000 100 416995 1024346327 377536 355956
335 0b000b01 0b032801 10000 100 322 1024735220 7812 7776
336 0b023201 0b01f701 10000 100 3088 1024747980 12867 12812
328 0b023601 0b015201 10000 100 236191 1024447722 408548 208148
339 0b007e01 0b006801 10000 100 2474 1024918471 8644 8607
338 0b009801 0b02b801 10000 100 29726 1024911779 48081 35110
337 0b029801 0b001201 10000 100 129581 1024795869 177236 118794
342 0b01c401 0b02f501 10000 100 330 1025013838 7848 7812
343 0b000c01 0b015d01 10000 100 1179 1025041652 11252 11209
345 0b036b01 0b01c301 10000 100 1020 1025070424 11285 11082
325 0b00c501 0b02fb01 10000 100 519105 1024399102 697239 445234
340 0b031701 0b017f01 10000 100 150729 1024925249 207772 136511
344 0b013401 0b02b501 10000 100 137388 1025053433 238793 125344
313 0b032c01 0b019d01 10000 100 838165 1024315951 1237990 712604
346 0b023f01 0b03dc01 10000 100 177 1025784486 7116 7080
349 0b00d801 0b032501 10000 100 27296 1025844671 46049 33090
352 0b031301 0b007001 10000 100 698 1025944371 9618 9576
353 0b00ac01 0b02fa01 10000 100 464 1025949919 8496 8454
354 0b003e01 0b001b01 10000 100 20231 1025957500 24237 23496
351 0b032201 0b02aa01 10000 100 59728 1025906189 111844 60252
356 0b010c01 0b01a501 10000 100 34014 1025996819 36476 35055
350 0b000601 0b00e501 10000 100 440543 1025877570 398799 375706
357 0b034301 0b019f01 10000 100 473 1026342892 9184 8496
360 0b028301 0b024001 10000 100 3729 1026370600 9692 9649
363 0b036901 0b033e01 10000 100 467 1026412499 9088 5648
364 0b036601 0b013101 10000 100 476 1026543834 9209 8514
359 0b00b301 0b01b001 10000 100 290043 1026368600 405308 253282
361 0b009601 0b03da01 10000 100 401706 1026407573 540673 346830
365 0b013501 0b01bd01 10000 100 338 1027104278 5260 5232
366 0b03f701 0b02cb01 10000 100 2529 1027117706 12424 12327
306 0b032201 0b001401 10000 100 2195441 1024094719 3079904 1849990
371 0b02e501 0b015701 10000 100 334 1027244407 7872 7830
373 0b013a01 0b012301 10000 100 444 1027306346 5600 5572
374 0b012f01 0b01c301 10000 100 336 1027317549 9926 5228
376 0b027c01 0b036d01 10000 100 1238 1027338325 11347 11256
375 0b005f01 0b000601 10000 100 31604 1027335098 34416 33013
341 0b00ed01 0b019c01 10000 100 1669682 1025013292 2358680 1409395
369 0b00e801 0b008101 10000 100 224622 1027179961 207370 194761
367 0b013701 0b005b01 10000 100 190054 1027126831 264794 169491
372 0b004a01 0b01c701 10000 100 73892 1027298345 132543 72115
347 0b008e01 0b009201 10000 100 1888408 1025795481 1687311 1589022
331 0b036a01 0b00a701 10000 100 2048957 1024519407 2990896 1727217
322 0b03d501 0b02d601 10000 100 2114721 1024365115 3168539 1782336
314 0b01b501 0b028801 10000 100 2381165 1024333008 3231041 2005638
377 0b00d501 0b032501 10000 100 1637 1027808432 11781 11575
329 0b033401 0b01cc01 10000 100 2590049 1024480930 3490486 2180687
355 0b015101 0b01b501 10000 100 2248898 1025989833 2009519 1891094
378 0b01ba01 0b00ca01 10000 100 228037 1027822882 311186 201321
382 0b02f601 0b012a01 10000 100 331 1028429632 7854 7818
348 0b036d01 0b001701 10000 100 1540628 1025795681 2760316 1301250
384 0b033d01 0b029401 10000 100 552 1028614193 8916 8880
385 0b019401 0b032d01 10000 100 728 1028614757 9762 9720
370 0b00af01 0b036501 10000 100 1207211 1027182018 1620092 1021862
362 0b00bf01 0b034c01 10000 100 1999513 1026412483 2873317 1685800
386 0b026901 0b010e01 10000 100 1976 1029605747 11889 11846
387 0b013101 0b005901 10000 100 205335 1029707901 279252 182286
390 0b002701 0b036b01 10000 100 4306 1030031258 16938 13824
392 0b027001 0b00ea01 10000 100 693 1030088914 10146 9552
393 0b023a01 0b03f901 10000 100 2832 1030091974 14151 12569
389 0b033001 0b009401 10000 100 121984 1029959354 213612 112413
294 0b036d01 0b01e501 10000 100 4364724 1023871493 6416821 3667839
395 0b01fc01 0b01ce01 10000 100 130750 1030261930 123711 116092
400 0b034c01 0b00c301 10000 100 370 1030697819 8040 8004
401 0b00b101 0b01ba01 10000 100 541 1030720062 8862 8826
402 0b02bf01 0b017f01 10000 100 58 1030729752 6546 6504
403 0b003e01 0b004a01 10000 100 71 1030732409 4404 4380
404 0b027301 0b00a701 10000 100 216 1030753482 12555 7266
405 0b019e01 0b00e201 10000 100 1545 1030755426 11544 11502
396 0b000201 0b019001 10000 100 213861 1030455591 357093 189410
397 0b015c01 0b02bf01 10000 100 282132 1030473489 387607 246649
406 0b01d401 0b005801 10000 100 75 1030880356 6624 6588
394 0b01c601 0b012401 10000 100 844835 1030178429 758524 714492
407 0b01af01 0b034e01 10000 100 8554 1031028902 17652 17375
411 0b034601 0b032c01 10000 100 385 1031098682 6140 5384
379 0b015e01 0b036601 10000 100 1974522 1028349714 2839198 1664857
410 0b02a301 0b033501 10000 100 76556 1031098300 106779 74360
408 0b004801 0b02da01 10000 100 215841 1031065427 294846 191070
399 0b023901 0b009801 10000 100 442525 1030640783 761991 381044
412 0b00bc01 0b009e01 10000 100 339 1031453824 5264 5236
414 0b010301 0b01b401 10000 100 2606 1031462308 8749 8712
416 0b03f601 0b007201 10000 100 73 1031474751 6618 6576
415 0b006101 0b007f01 10000 100 27141 1031464564 30669 29290
383 0b02e401 0b015b01 10000 100 2110338 1028539453 2979868 1778678
413 0b03af01 0b031a01 10000 100 183026 1031459394 169429 159926
418 0b029a01 0b013101 10000 100 48 1031717673 6498 6456
419 0b036b01 0b008801 10000 100 10923 1031720198 19683 19346
420 0b027d01 0b010c01 10000 100 365 1031737386 8016 7980
424 0b032001 0b02d501 10000 100 4707 1031819529 14302 14145
425 0b003c01 0b002101 10000 100 1495 1031996018 7816 7786
426 0b026c01 0b007901 10000 100 461 1032022896 8478 8442
428 0b003801 0b01a601 10000 100 322 1032058699 8381 7776
429 0b02db01 0b001301 10000 100 134 1032086958 6912 6870
423 0b006901 0b007201 10000 100 319421 1031812958 290453 274210
432 0b03dd01 0b034101 10000 100 343 1032098513 5276 5248
430 0b005901 0b003801 10000 100 14571 1032088331 26445 18740
427 0b00bb01 0b02b001 10000 100 66465 1032023766 98240 65908
381 0b005b01 0b032101 10000 100 2777716 1028423620 3715359 2337926
388 0b03f401 0b027601 10000 100 2140164 1029773755 2863841 1803679
436 0b027701 0b036401 10000 100 484 1032892485 12883 8550
437 0b02a701 0b02b201 10000 100 171 1032905454 4724 4700
439 0b03a501 0b00a601 10000 100 146 1032923127 6966 6930
438 0b027a01 0b039e01 10000 100 13495 1032922706 31470 21518
440 0b004101 0b009901 10000 100 30007 1032923263 33094 31697
442 0b01bc01 0b02ae01 10000 100 2072 1032964372 12010 11961
431 0b036501 0b026a01 10000 100 647733 1032088393 895900 553000
