1003232253 1099 1 14 2
1003232639 1099 1 17 2
1003233287 1065 1 4 1
1003233673 1068 1 4 1
1003236566 1099 1 14 3
1003237410 1099 1 17 3
1003237600 1065 1 4 0
1003238444 1068 1 4 0
1004110645 1068 1 11 2
1004111679 710 0 1 1
1004112248 1068 1 8 2
1004113282 707 0 1 1
1004114269 1068 1 11 3
1004115303 710 0 1 0
1004116801 1068 1 8 3
1004117333 1068 1 14 2
1004117835 707 0 1 0
1004118367 713 0 1 1
1004118835 1068 1 11 2
1004119679 1068 1 8 2
1004119869 710 0 1 1
1004120713 707 0 1 1
1004124397 1068 1 14 3
1004125241 1068 1 8 3
1004125431 713 0 1 0
1004126085 1068 1 11 3
1004126275 707 0 1 0
1004127119 710 0 1 0
1004129807 1068 1 11 2
1004129807 1068 1 8 2
1004129807 1068 1 14 2
1004130841 710 0 1 1
1004130841 707 0 1 1
1004130841 713 0 1 1
1004136213 1068 1 8 3
1004137057 1068 1 11 3
1004137247 707 0 1 0
1004137901 1068 1 14 3
1004138091 710 0 1 0
1004138935 713 0 1 0
1004140779 1068 1 8 2
1004141623 1068 1 11 2
1004141813 707 0 1 1
1004142657 710 0 1 1
1004149717 1068 1 8 3
1004150249 1068 1 14 2
1004150561 1068 1 11 3
1004150751 707 0 1 0
1004151283 713 0 1 1
1004151595 710 0 1 0
1004155127 1068 1 11 2
1004155127 1068 1 8 2
1004156161 710 0 1 1
1004156161 707 0 1 1
1004157313 1068 1 14 3
1004158347 713 0 1 0
1004161035 1068 1 14 2
1004162069 713 0 1 1
1004163221 1068 1 14 3
1004164255 713 0 1 0
1004164909 1068 1 8 3
1004165753 1068 1 11 3
1004165943 707 0 1 0
1004166787 710 0 1 0
1004170319 1068 1 11 2
1004171163 1068 1 8 2
1004171353 710 0 1 1
1004172197 707 0 1 1
1004173881 1068 1 14 2
1004174915 713 0 1 1
1004175881 1068 1 14 3
1004176915 713 0 1 0
1004179257 1068 1 11 3
1004180101 1068 1 8 3
1004180291 710 0 1 0
1004181135 707 0 1 0
1004183823 1068 1 11 2
1004184667 1068 1 8 2
1004184857 710 0 1 1
1004185697 1068 1 14 2
1004185701 707 0 1 1
1004186731 713 0 1 1
1004191917 1068 1 14 3
1004192761 1068 1 11 3
1004192951 713 0 1 0
1004193795 710 0 1 0
1004194449 1068 1 8 3
1004195483 707 0 1 0
1004198171 1068 1 11 2
1004199205 710 0 1 1
1004199985 1068 1 8 2
1004200045 1068 1 14 2
1004201019 707 0 1 1
1004201079 713 0 1 1
1004205421 1068 1 14 3
1004206455 713 0 1 0
1004207109 1068 1 11 3
1004208143 710 0 1 0
1004208797 1068 1 8 3
1004209831 707 0 1 0
1004212519 1068 1 11 2
1004213553 710 0 1 1
1004214207 1068 1 8 2
1004214393 1068 1 14 2
1004215241 707 0 1 1
1004215427 713 0 1 1
1004219769 1068 1 14 3
1004220613 1068 1 11 3
1004220803 713 0 1 0
1004221647 710 0 1 0
1004222301 1068 1 8 3
1004223335 707 0 1 0
1004225179 1068 1 11 2
1004226023 1068 1 8 2
1004226213 710 0 1 1
1004227057 707 0 1 1
1004227897 1068 1 14 2
1004228931 713 0 1 1
1004232429 1068 1 8 3
1004233273 1068 1 14 3
1004233463 707 0 1 0
1004234307 713 0 1 0
1004234961 1068 1 11 3
1004235995 710 0 1 0
1004236995 1068 1 8 2
1004238029 707 0 1 1
1004239527 1068 1 11 2
1004240561 710 0 1 1
1004241401 1068 1 14 2
1004242435 713 0 1 1
1004243401 1068 1 8 3
1004244435 707 0 1 0
1004245089 1068 1 14 3
1004246123 713 0 1 0
1004249781 1068 1 8 2
1004250815 707 0 1 1
1004251841 1068 1 11 3
1004252875 710 0 1 0
1004253529 1068 1 8 3
1004254563 707 0 1 0
1004256593 1068 1 14 2
1004257251 1068 1 8 2
1004257627 713 0 1 1
1004258285 707 0 1 1
1004258939 1068 1 11 2
1004259973 710 0 1 1
1004260281 1068 1 14 3
1004261125 1068 1 8 3
1004261315 713 0 1 0
1004262159 707 0 1 0
1004266661 1068 1 8 2
1004267695 707 0 1 1
1004270409 1068 1 8 3
1004271253 1068 1 11 3
1004271443 707 0 1 0
1004272287 710 0 1 0
1004276789 1068 1 8 2
1004277693 1068 1 14 2
1004277823 707 0 1 1
1004278351 1068 1 11 2
1004278727 713 0 1 1
1004279385 710 0 1 1
1004282225 1068 1 14 3
1004283259 713 0 1 0
1004284757 1068 1 8 3
1004285791 707 0 1 0
1004287289 1068 1 11 3
1004288323 710 0 1 0
1004288665 1068 1 14 2
1004289699 713 0 1 1
1004290293 1068 1 8 2
1004291327 707 0 1 1
1004291855 1068 1 11 2
1004292889 710 0 1 1
1004294885 1068 1 8 3
1004295729 1068 1 14 3
1004295919 707 0 1 0
1004296573 1068 1 11 3
1004296763 713 0 1 0
1004297607 710 0 1 0
1004299451 1068 1 8 2
1004300295 1068 1 11 2
1004300485 707 0 1 1
1004301329 710 0 1 1
1004303857 1068 1 14 2
1004304891 713 0 1 1
1004307545 1068 1 11 3
1004308389 1068 1 8 3
1004308579 710 0 1 0
1004309423 707 0 1 0
1004311765 1068 1 14 3
1004312111 1068 1 11 2
1004312799 713 0 1 0
1004313145 710 0 1 1
1004313799 1068 1 8 2
1004314833 707 0 1 1
1004317361 1068 1 14 2
1004317673 1068 1 8 3
1004318395 713 0 1 1
1004318517 1068 1 14 3
1004318707 707 0 1 0
1004319361 1068 1 11 3
1004319551 713 0 1 0
1004320395 710 0 1 0
1004322239 1068 1 14 2
1004322239 1068 1 8 2
1004323273 713 0 1 1
1004323273 707 0 1 1
1004324771 1068 1 11 2
1004325805 710 0 1 1
1004326957 1068 1 8 3
1004327991 707 0 1 0
1004329489 1068 1 14 3
1004330523 713 0 1 0
1004331523 1068 1 8 2
1004332557 707 0 1 1
1004336241 1068 1 8 3
1004337085 1068 1 11 3
1004337275 707 0 1 0
1004338119 710 0 1 0
1004341777 1068 1 8 2
1004342811 707 0 1 1
1004343525 1068 1 14 2
1004344183 1068 1 11 2
1004344559 713 0 1 1
1004345217 710 0 1 1
1004348057 1068 1 14 3
1004349091 713 0 1 0
1004350589 1068 1 8 3
1004351623 707 0 1 0
1004353121 1068 1 11 3
1004354155 710 0 1 0
1004355999 1068 1 8 2
1004357029 1068 1 14 2
1004357033 707 0 1 1
1004358063 713 0 1 1
1004358531 1068 1 11 2
1004359565 710 0 1 1
1004360717 1068 1 8 3
1004361751 707 0 1 0
1004362405 1068 1 14 3
1004363439 713 0 1 0
1004370001 1068 1 11 3
1004370533 1068 1 14 2
1004371035 710 0 1 0
1004371567 713 0 1 1
1004373005 1068 1 8 2
1004373377 1068 1 14 3
1004374039 707 0 1 1
1004374411 713 0 1 0
1004376255 1068 1 14 2
1004377099 1068 1 11 2
1004377289 713 0 1 1
1004378133 710 0 1 1
1004379285 1068 1 8 3
1004380319 707 0 1 0
1004380973 1068 1 14 3
1004382007 713 0 1 0
1004388569 1068 1 11 3
1004389101 1068 1 14 2
1004389603 710 0 1 0
1004390135 713 0 1 1
1004390257 1068 1 14 3
1004391291 713 0 1 0
1004393261 1068 1 8 2
1004394295 707 0 1 1
1004395853 1068 1 14 2
1004395917 1068 1 11 2
1004396887 713 0 1 1
1004396951 710 0 1 1
1004397853 1068 1 8 3
1004398697 1068 1 14 3
1004398887 707 0 1 0
1004399731 713 0 1 0
1004403263 1068 1 8 2
1004404297 707 0 1 1
1004405449 1068 1 11 3
1004406483 710 0 1 0
1004407981 1068 1 8 3
1004409015 707 0 1 0
1004410859 1068 1 11 2
1004411829 1068 1 8 2
1004411889 1068 1 14 2
1004411893 710 0 1 1
1004412863 707 0 1 1
1004412923 713 0 1 1
1004416421 1068 1 14 3
1004417265 1068 1 8 3
1004417455 713 0 1 0
1004418299 707 0 1 0
1004419797 1068 1 11 3
1004420831 710 0 1 0
1004424549 1068 1 14 2
1004425333 1068 1 8 2
1004425583 713 0 1 1
1004426051 1068 1 11 2
1004426367 707 0 1 1
1004427085 710 0 1 1
1004429925 1068 1 14 3
1004430769 1068 1 8 3
1004430959 713 0 1 0
1004431803 707 0 1 0
1004434989 1068 1 11 3
1004436023 710 0 1 0
1004438711 1068 1 11 2
1004439745 710 0 1 1
1004440525 1068 1 8 2
1004440585 1068 1 14 2
1004441559 707 0 1 1
1004441619 713 0 1 1
1004446805 1068 1 8 3
1004447839 707 0 1 0
1004449337 1068 1 14 3
1004450181 1068 1 11 3
1004450371 713 0 1 0
1004451215 710 0 1 0
1004453185 1068 1 8 2
1004454219 707 0 1 1
1004455777 1068 1 14 2
1004456435 1068 1 11 2
1004456811 713 0 1 1
1004457469 710 0 1 1
1004459465 1068 1 8 3
1004460499 707 0 1 0
1004461997 1068 1 14 3
1004463031 713 0 1 0
1004466563 1068 1 8 2
1004467597 707 0 1 1
1004467905 1068 1 11 3
1004468939 710 0 1 0
1004475189 1068 1 14 2
1004475253 1068 1 11 2
1004475501 1068 1 8 3
1004476223 713 0 1 1
1004476287 710 0 1 1
1004476535 707 0 1 0
1004477189 1068 1 14 3
1004478223 713 0 1 0
1004482599 1068 1 8 2
1004483633 707 0 1 1
1004483941 1068 1 11 3
1004484975 710 0 1 0
1004493225 1068 1 8 3
1004493821 1068 1 11 2
1004494259 707 0 1 0
1004494855 710 0 1 1
1004500323 1068 1 8 2
1004501357 707 0 1 1
1004504197 1068 1 11 3
1004505231 710 0 1 0
1004509261 1068 1 8 3
1004510295 707 0 1 0
1004512389 1068 1 11 2
1004513169 1068 1 14 2
1004513423 710 0 1 1
1004514203 713 0 1 1
1004516359 1068 1 8 2
1004516857 1068 1 14 3
1004517393 707 0 1 1
1004517891 713 0 1 0
1004520233 1068 1 11 3
1004521267 710 0 1 0
1004525643 1068 1 11 2
1004526677 710 0 1 1
1004528673 1068 1 8 3
1004529707 707 0 1 0
1004536269 1068 1 11 3
1004537303 710 0 1 0
1004541805 1068 1 8 2
1004542839 707 0 1 1
1004543367 1068 1 11 2
1004544401 710 0 1 1
1004545553 1068 1 8 3
1004546587 707 0 1 0
1004551807 1068 1 8 2
1004552841 707 0 1 1
1004553993 1068 1 11 3
1004555027 710 0 1 0
1004557369 1068 1 8 3
1004558403 707 0 1 0
1004560373 1068 1 8 2
1004561341 1068 1 11 2
1004561407 707 0 1 1
1004562375 710 0 1 1
1004563809 1068 1 14 2
1004564843 713 0 1 1
1004565809 1068 1 8 3
1004566653 1068 1 14 3
1004566843 707 0 1 0
1004567687 713 0 1 0
1004571717 1068 1 11 3
1004572189 1068 1 8 2
1004572751 710 0 1 0
1004573223 707 0 1 1
1004574249 1068 1 8 3
1004574721 1068 1 8 2
1004575283 707 0 1 0
1004575625 1068 1 14 2
1004575755 707 0 1 1
1004576659 713 0 1 1
1004577127 1068 1 11 2
1004577625 1068 1 8 3
1004578161 710 0 1 1
1004578659 707 0 1 0
1004579313 1068 1 14 3
1004580347 713 0 1 0
1004582191 1068 1 8 2
1004583035 1068 1 14 2
1004583225 707 0 1 1
1004584069 713 0 1 1
1004585221 1068 1 14 3
1004586255 713 0 1 0
1004586909 1068 1 11 3
1004587753 1068 1 8 3
1004587943 710 0 1 0
1004588787 707 0 1 0
1004590757 1068 1 8 2
1004591791 707 0 1 1
1004592505 1068 1 14 2
1004593539 713 0 1 1
1004594007 1068 1 11 2
1004595041 710 0 1 1
1004596193 1068 1 8 3
1004597037 1068 1 14 3
1004597227 707 0 1 0
1004598071 713 0 1 0
1004602447 1068 1 8 2
1004602945 1068 1 11 3
1004603481 707 0 1 1
1004603979 710 0 1 0
1004606853 1068 1 14 2
1004607511 1068 1 11 2
1004607887 713 0 1 1
1004608545 710 0 1 1
1004612229 1068 1 8 3
1004613263 707 0 1 0
1004613917 1068 1 14 3
1004614951 713 0 1 0
1004618981 1068 1 11 3
1004620015 710 0 1 0
1004622829 1068 1 8 2
1004622889 1068 1 14 2
1004623863 707 0 1 1
1004623923 713 0 1 1
1004626079 1068 1 11 2
1004627113 710 0 1 1
1004628265 1068 1 8 3
1004629109 1068 1 14 3
1004629299 707 0 1 0
1004630143 713 0 1 0
1004635363 1068 1 8 2
1004636397 707 0 1 1
1004637549 1068 1 11 3
1004638583 710 0 1 0
1004642613 1068 1 8 3
1004643647 707 0 1 0
1004644833 1068 1 14 2
1004645741 1068 1 11 2
1004645867 713 0 1 1
1004646775 710 0 1 1
1004649365 1068 1 14 3
1004649837 1068 1 8 2
1004650399 713 0 1 0
1004650871 707 0 1 1
1004653585 1068 1 11 3
1004654619 710 0 1 0
1004658649 1068 1 8 3
1004659683 707 0 1 0
1004662557 1068 1 14 2
1004662621 1068 1 11 2
1004663591 713 0 1 1
1004663655 710 0 1 1
1004665747 1068 1 8 2
1004666781 707 0 1 1
1004667089 1068 1 14 3
1004668123 713 0 1 0
1004670465 1068 1 11 3
1004671499 710 0 1 0
1004675031 1068 1 11 2
1004676065 710 0 1 1
1004677217 1068 1 8 3
1004678251 707 0 1 0
1004685657 1068 1 11 3
1004686691 710 0 1 0
1004691335 1068 1 8 2
1004692369 707 0 1 1
1004692755 1068 1 11 2
1004693789 710 0 1 1
1004695785 1068 1 8 3
1004696819 707 0 1 0
1004702039 1068 1 8 2
1004703073 707 0 1 1
1004703381 1068 1 11 3
1004704415 710 0 1 0
1004705913 1068 1 8 3
1004706947 707 0 1 0
1004708977 1068 1 14 2
1004709761 1068 1 8 2
1004710011 713 0 1 1
1004710729 1068 1 11 2
1004710795 707 0 1 1
1004710977 1068 1 14 3
1004711763 710 0 1 1
1004712011 713 0 1 0
1004713509 1068 1 8 3
1004714543 707 0 1 0
1004718919 1068 1 8 2
1004719953 707 0 1 1
1004720261 1068 1 11 3
1004721295 710 0 1 0
1004723637 1068 1 8 3
1004724671 707 0 1 0
1004725013 1068 1 14 2
1004726047 713 0 1 1
1004726515 1068 1 11 2
1004727359 1068 1 8 2
1004727549 710 0 1 1
1004728393 707 0 1 1
1004728701 1068 1 14 3
1004729735 713 0 1 0
1004732077 1068 1 8 3
1004733111 707 0 1 0
1004734609 1068 1 11 3
1004735643 710 0 1 0
1004737487 1068 1 8 2
1004738521 707 0 1 1
1004740019 1068 1 11 2
1004741053 710 0 1 1
1004741893 1068 1 14 2
1004742205 1068 1 8 3
1004742927 713 0 1 1
1004743239 707 0 1 0
1004743893 1068 1 14 3
1004744927 713 0 1 0
1004749717 1068 1 8 2
1004750333 1068 1 14 2
1004750751 707 0 1 1
1004751367 713 0 1 1
1004752333 1068 1 11 3
1004753177 1068 1 14 3
1004753367 710 0 1 0
1004754211 713 0 1 0
1004759085 1068 1 8 3
1004759431 1068 1 11 2
1004760119 707 0 1 0
1004760465 710 0 1 1
1004769213 1068 1 11 3
1004769630 1068 1 8 2
1004770247 710 0 1 0
1004770664 707 0 1 1
1004776311 1068 1 11 2
1004776809 1068 1 8 3
1004777345 710 0 1 1
1004777843 707 0 1 0
1004784273 1068 1 8 2
1004785307 707 0 1 1
1004786937 1068 1 11 3
1004787971 710 0 1 0
1004792845 1068 1 8 3
1004793377 1068 1 14 2
1004793879 707 0 1 0
1004794411 713 0 1 1
1004795377 1068 1 14 3
1004796411 713 0 1 0
1004796817 1068 1 11 2
1004797851 710 0 1 1
1004801817 1068 1 14 2
1004802200 1068 1 8 2
1004802851 713 0 1 1
1004803234 707 0 1 1
1004805505 1068 1 11 3
1004806349 1068 1 14 3
1004806539 710 0 1 0
1004807383 713 0 1 0
1004808037 1068 1 8 3
1004809071 707 0 1 0
1004810915 1068 1 11 2
1004811949 710 0 1 1
1004812313 1068 1 8 2
1004812789 1068 1 14 2
1004813347 707 0 1 1
1004813823 713 0 1 1
1004817321 1068 1 14 3
1004818165 1068 1 8 3
1004818355 713 0 1 0
1004819199 707 0 1 0
1004819853 1068 1 11 3
1004820887 710 0 1 0
1004824419 1068 1 11 2
1004825389 1068 1 8 2
1004825449 1068 1 14 2
1004825453 710 0 1 1
1004826423 707 0 1 1
1004826483 713 0 1 1
1004829981 1068 1 8 3
1004830825 1068 1 14 3
1004831015 707 0 1 0
1004831859 713 0 1 0
1004835045 1068 1 11 3
1004836079 710 0 1 0
1004836235 1068 1 8 2
1004837269 707 0 1 1
1004840455 1068 1 11 2
1004841489 710 0 1 1
1004843173 1068 1 14 2
1004843485 1068 1 8 3
1004844207 713 0 1 1
1004844329 1068 1 14 3
1004844519 707 0 1 0
1004845363 713 0 1 0
1004851724 1068 1 8 2
1004852758 707 0 1 1
1004852769 1068 1 11 3
1004853803 710 0 1 0
1004859867 1068 1 11 2
1004860365 1068 1 8 3
1004860901 710 0 1 1
1004861399 707 0 1 0
1004868307 1068 1 8 2
1004869341 707 0 1 1
1004870493 1068 1 11 3
1004871527 710 0 1 0
1004878089 1068 1 8 3
1004879123 707 0 1 0
1004879529 1068 1 11 2
1004880563 710 0 1 1
1004885187 1068 1 8 2
1004886221 707 0 1 1
1004889905 1068 1 11 3
1004890939 710 0 1 0
1004893281 1068 1 8 3
1004894315 707 0 1 0
1004896345 1068 1 14 2
1004896409 1068 1 11 2
1004897003 1068 1 8 2
1004897379 713 0 1 1
1004897443 710 0 1 1
1004898037 707 0 1 1
1004901721 1068 1 14 3
1004902755 713 0 1 0
1004905097 1068 1 11 3
1004906131 710 0 1 0
1004908473 1068 1 8 3
1004909507 707 0 1 0
1004911351 1068 1 11 2
1004912385 710 0 1 1
1004914069 1068 1 14 2
1004914923 1068 1 8 2
1004915103 713 0 1 1
1004915957 707 0 1 1
1004917757 1068 1 14 3
1004918601 1068 1 11 3
1004918791 713 0 1 0
1004919635 710 0 1 0
1004925699 1068 1 11 2
1004926733 710 0 1 1
1004927041 1068 1 8 3
1004927573 1068 1 14 2
1004928075 707 0 1 0
1004928607 713 0 1 1
1004928729 1068 1 14 3
1004929763 713 0 1 0
1004931793 1068 1 14 2
1004932827 713 0 1 1
1004934342 1068 1 8 2
1004935376 707 0 1 1
1004935481 1068 1 11 3
1004936325 1068 1 14 3
1004936515 710 0 1 0
1004937359 713 0 1 0
1004943921 1068 1 8 3
1004944517 1068 1 11 2
1004944955 707 0 1 0
1004945551 710 0 1 1
1004951019 1068 1 8 2
1004952053 707 0 1 1
1004953205 1068 1 11 3
1004954239 710 0 1 0
1004962241 1068 1 11 2
1004962489 1068 1 8 3
1004963275 710 0 1 1
1004963523 707 0 1 0
1004969587 1068 1 8 2
1004970621 707 0 1 1
1004971461 1068 1 14 2
1004972495 713 0 1 1
1004972617 1068 1 11 3
1004973651 710 0 1 0
1004974305 1068 1 14 3
1004975339 713 0 1 0
1004978525 1068 1 8 3
1004979057 1068 1 14 2
1004979583 707 0 1 0
1004980091 713 0 1 1
1004980809 1068 1 11 2
1004981843 710 0 1 1
1004983589 1068 1 14 3
1004984623 713 0 1 0
1004986491 1068 1 8 2
1004987525 707 0 1 1
1004990341 1068 1 11 3
1004991375 710 0 1 0
1004996595 1068 1 11 2
1004997625 1068 1 14 2
1004997629 710 0 1 1
1004997937 1068 1 8 3
1004998659 713 0 1 1
1004998971 707 0 1 0
1005002157 1068 1 14 3
1005003191 713 0 1 0
1005005035 1068 1 8 2
1005006069 707 0 1 1
1005006377 1068 1 11 3
1005007411 710 0 1 0
1005013475 1068 1 11 2
1005013661 1068 1 14 2
1005013973 1068 1 8 3
1005014509 710 0 1 1
1005014695 713 0 1 1
1005015007 707 0 1 0
1005019037 1068 1 14 3
1005020071 713 0 1 0
1005021915 1068 1 8 2
1005022413 1068 1 11 3
1005022949 707 0 1 1
1005023447 710 0 1 0
1005028667 1068 1 11 2
1005029701 710 0 1 1
1005030853 1068 1 8 3
1005031887 707 0 1 0
1005037605 1068 1 11 3
1005038639 710 0 1 0
1005044045 1068 1 14 2
1005044703 1068 1 11 2
1005045079 713 0 1 1
1005045201 1068 1 14 3
1005045737 710 0 1 1
1005046235 713 0 1 0
1005054177 1068 1 8 2
1005054485 1068 1 11 3
1005055211 707 0 1 1
1005055519 710 0 1 0
1005060925 1068 1 14 2
1005061583 1068 1 11 2
1005061959 713 0 1 1
1005062617 710 0 1 1
1005062925 1068 1 14 3
1005063769 1068 1 8 3
1005063959 713 0 1 0
1005064803 707 0 1 0
1005071229 1068 1 8 2
1005072209 1068 1 11 3
1005072263 707 0 1 1
1005073243 710 0 1 0
1005078961 1068 1 8 3
1005079995 707 0 1 0
1005080401 1068 1 11 2
1005081435 710 0 1 1
1005084557 1068 1 14 2
1005085591 713 0 1 1
1005086059 1068 1 8 2
1005086557 1068 1 14 3
1005087093 707 0 1 1
1005087591 713 0 1 0
1005089933 1068 1 11 3
1005090967 710 0 1 0
1005095841 1068 1 8 3
1005096373 1068 1 14 2
1005096875 707 0 1 0
1005097281 1068 1 11 2
1005097407 713 0 1 1
1005098315 710 0 1 1
1005099217 1068 1 14 3
1005100251 713 0 1 0
1005102221 1068 1 8 2
1005103125 1068 1 14 2
1005103255 707 0 1 1
1005104159 713 0 1 1
1005105969 1068 1 14 3
1005106813 1068 1 11 3
1005107003 713 0 1 0
1005107847 710 0 1 0
1005111033 1068 1 8 3
1005112067 707 0 1 0
1005113067 1068 1 11 2
1005114101 710 0 1 1
1005114755 1068 1 8 2
1005114941 1068 1 14 2
1005115789 707 0 1 1
1005115975 713 0 1 1
1005118629 1068 1 8 3
1005119473 1068 1 14 3
1005119663 707 0 1 0
1005120507 713 0 1 0
1005121161 1068 1 11 3
1005122195 710 0 1 0
1005123195 1068 1 8 2
1005124229 707 0 1 1
1005127415 1068 1 11 2
1005128445 1068 1 14 2
1005128449 710 0 1 1
1005129479 713 0 1 1
1005130445 1068 1 8 3
1005131479 707 0 1 0
1005132977 1068 1 14 3
1005134011 713 0 1 0
1005138885 1068 1 11 3
1005139919 710 0 1 0
1005144481 1068 1 14 2
1005144790 1068 1 8 2
1005145515 713 0 1 1
1005145824 707 0 1 1
1005145983 1068 1 11 2
1005147017 710 0 1 1
1005149013 1068 1 8 3
1005150047 707 0 1 0
1005151545 1068 1 14 3
1005152579 713 0 1 0
1005154921 1068 1 11 3
1005155267 1068 1 8 2
1005155955 710 0 1 0
1005156301 707 0 1 1
1005161175 1068 1 11 2
1005161361 1068 1 14 2
1005162209 710 0 1 1
1005162395 713 0 1 1
1005163361 1068 1 8 3
1005164395 707 0 1 0
1005165893 1068 1 14 3
1005166927 713 0 1 0
1005170113 1068 1 11 3
1005171147 710 0 1 0
1005174865 1068 1 14 2
1005175899 713 0 1 1
1005176415 1068 1 8 2
1005177211 1068 1 11 2
1005177449 707 0 1 1
1005178245 710 0 1 1
1005180241 1068 1 8 3
1005181085 1068 1 14 3
1005181275 707 0 1 0
1005182119 713 0 1 0
1005186993 1068 1 11 3
1005187465 1068 1 8 2
1005188027 710 0 1 0
1005188499 707 0 1 1
1005190901 1068 1 14 2
1005191935 713 0 1 1
1005194091 1068 1 11 2
1005194589 1068 1 8 3
1005195125 710 0 1 1
1005195433 1068 1 14 3
1005195623 707 0 1 0
1005196467 713 0 1 0
1005204717 1068 1 11 3
1005205751 710 0 1 0
1005208057 1068 1 8 2
1005209091 707 0 1 1
1005211815 1068 1 11 2
1005212313 1068 1 8 3
1005212849 710 0 1 1
1005213347 707 0 1 0
1005219411 1068 1 8 2
1005220445 707 0 1 1
1005223285 1068 1 11 3
1005224319 710 0 1 0
1005228349 1068 1 8 3
1005229383 707 0 1 0
1005232321 1068 1 11 2
1005233101 1068 1 14 2
1005233355 710 0 1 1
1005234135 713 0 1 1
1005235101 1068 1 14 3
1005235447 1068 1 8 2
1005236135 713 0 1 0
1005236481 707 0 1 1
1005241009 1068 1 11 3
1005242043 710 0 1 0
1005244385 1068 1 8 3
1005244917 1068 1 14 2
1005245419 707 0 1 0
1005245951 713 0 1 1
1005248107 1068 1 8 2
1005249141 707 0 1 1
1005249201 1068 1 11 2
1005250235 710 0 1 1
1005251981 1068 1 8 3
1005252825 1068 1 14 3
1005253015 707 0 1 0
1005253859 713 0 1 0
1005259577 1068 1 11 3
1005260611 710 0 1 0
1005260953 1068 1 14 2
1005261987 713 0 1 1
1005264269 1068 1 8 2
1005264987 1068 1 11 2
1005265303 707 0 1 1
1005266021 710 0 1 1
1005268861 1068 1 8 3
1005269705 1068 1 14 3
1005269895 707 0 1 0
1005270739 713 0 1 0
1005274769 1068 1 11 3
1005275803 710 0 1 0
1005277833 1068 1 14 2
1005278617 1068 1 8 2
1005278867 713 0 1 1
1005279651 707 0 1 1
1005281023 1068 1 11 2
1005282057 710 0 1 1
1005284053 1068 1 8 3
1005284897 1068 1 14 3
1005285111 707 0 1 0
1005285931 713 0 1 0
1005291649 1068 1 11 3
1005292683 710 0 1 0
1005294713 1068 1 14 2
1005295747 713 0 1 1
1005296215 1068 1 11 2
1005297249 710 0 1 1
1005297647 1068 1 8 2
1005298681 707 0 1 1
1005302621 1068 1 14 3
1005303465 1068 1 8 3
1005303655 713 0 1 0
1005304499 707 0 1 0
1005306841 1068 1 11 3
1005307875 710 0 1 0
1005310355 1068 1 8 2
1005311389 707 0 1 1
1005312251 1068 1 11 2
1005312437 1068 1 14 2
1005313285 710 0 1 1
1005313471 713 0 1 1
1005316969 1068 1 8 3
1005318003 707 0 1 0
1005318657 1068 1 14 3
1005319691 713 0 1 0
1005323721 106